                                 OLS Regression Results                                
=======================================================================================
Dep. Variable:                      y   R-squared (uncentered):                   0.980
Model:                            OLS   Adj. R-squared (uncentered):              0.980
Method:                 Least Squares   F-statistic:                          2.386e+05
Date:                Sat, 16 Apr 2022   Prob (F-statistic):                        0.00
Time:                        23:45:18   Log-Likelihood:                     -5.6894e+06
No. Observations:              462515   AIC:                                  1.138e+07
Df Residuals:                  462420   BIC:                                  1.138e+07
Df Model:                          95                                                  
Covariance Type:            nonrobust                                                  
==============================================================================
                 coef    std err          t      P>|t|      [0.025      0.975]
------------------------------------------------------------------------------
x1         -1.158e+04    289.131    -40.047      0.000   -1.21e+04    -1.1e+04
x2         -2.362e+04    178.615   -132.266      0.000    -2.4e+04   -2.33e+04
x3          3.834e+04    388.179     98.778      0.000    3.76e+04    3.91e+04
x4          1.163e+05    595.972    195.151      0.000    1.15e+05    1.17e+05
x5          9116.0604    437.723     20.826      0.000    8258.137    9973.984
x6          1.247e+05    485.199    256.972      0.000    1.24e+05    1.26e+05
x7            1.7e+05   1571.249    108.195      0.000    1.67e+05    1.73e+05
x8          1.091e+05   1034.340    105.509      0.000    1.07e+05    1.11e+05
x9          6.253e+04    540.000    115.796      0.000    6.15e+04    6.36e+04
x10         6.687e+04    544.315    122.861      0.000    6.58e+04    6.79e+04
x11         1.213e+04    403.696     30.052      0.000    1.13e+04    1.29e+04
x12         1.092e+04    540.308     20.211      0.000    9861.301     1.2e+04
x13          -2.3e+04    363.974    -63.189      0.000   -2.37e+04   -2.23e+04
x14         8.318e+04    534.035    155.762      0.000    8.21e+04    8.42e+04
x15          1.58e+05    959.929    164.624      0.000    1.56e+05     1.6e+05
x16         1.554e+04    482.420     32.221      0.000    1.46e+04    1.65e+04
x17        -1.101e+04    564.702    -19.500      0.000   -1.21e+04   -9904.678
x18         1.233e+05    550.573    223.935      0.000    1.22e+05    1.24e+05
x19        -5.552e+04    610.782    -90.892      0.000   -5.67e+04   -5.43e+04
x20        -2.507e+04    448.491    -55.903      0.000    -2.6e+04   -2.42e+04
x21         4.713e+04    566.040     83.270      0.000     4.6e+04    4.82e+04
x22         3.715e+04    364.571    101.899      0.000    3.64e+04    3.79e+04
x23         8.505e+04    512.051    166.087      0.000     8.4e+04     8.6e+04
x24         -3.18e+04    349.467    -90.995      0.000   -3.25e+04   -3.11e+04
x25        -9628.2674    386.366    -24.920      0.000   -1.04e+04   -8871.002
x26         8.713e+04   2809.818     31.009      0.000    8.16e+04    9.26e+04
x27         1.641e+05   2718.583     60.368      0.000    1.59e+05    1.69e+05
x28         2.595e+05   2733.676     94.937      0.000    2.54e+05    2.65e+05
x29         3.802e+05   2758.366    137.853      0.000    3.75e+05    3.86e+05
x30         4.297e+05   2935.376    146.390      0.000    4.24e+05    4.35e+05
x31         2.401e+05   1892.488    126.875      0.000    2.36e+05    2.44e+05
x32        -7823.4975   1235.768     -6.331      0.000   -1.02e+04   -5401.430
x33         9095.0232    236.388     38.475      0.000    8631.710    9558.336
x34         5815.8075   1293.854      4.495      0.000    3279.893    8351.722
x35         1.703e+04    243.112     70.044      0.000    1.66e+04    1.75e+04
x36         2.212e+04    252.977     87.431      0.000    2.16e+04    2.26e+04
x37          1.79e+04   1744.364     10.264      0.000    1.45e+04    2.13e+04
x38         3.153e+04    347.439     90.737      0.000    3.08e+04    3.22e+04
x39         5.141e+04    501.677    102.467      0.000    5.04e+04    5.24e+04
x40         5.116e+04   3787.700     13.508      0.000    4.37e+04    5.86e+04
x41         8.054e+04    717.989    112.168      0.000    7.91e+04    8.19e+04
x42         1.013e+05   6087.712     16.636      0.000    8.93e+04    1.13e+05
x43         9.974e+04    882.316    113.041      0.000     9.8e+04    1.01e+05
x44         1.206e+05   1256.380     96.028      0.000    1.18e+05    1.23e+05
x45         1.303e+05   9576.102     13.603      0.000    1.11e+05    1.49e+05
x46         1.562e+05   1698.298     91.973      0.000    1.53e+05     1.6e+05
x47         1.941e+05   2922.504     66.404      0.000    1.88e+05       2e+05
x48         1.597e+05   3.76e+04      4.242      0.000    8.59e+04    2.33e+05
x49         2.115e+05   3132.479     67.512      0.000    2.05e+05    2.18e+05
x50         1.602e+05   2.17e+04      7.368      0.000    1.18e+05    2.03e+05
x51         2.091e+05   3183.720     65.664      0.000    2.03e+05    2.15e+05
x52         2.323e+05   4377.414     53.070      0.000    2.24e+05    2.41e+05
x53         2.474e+05   9253.158     26.739      0.000    2.29e+05    2.66e+05
x54         2.204e+05   1.09e+04     20.191      0.000    1.99e+05    2.42e+05
x55         2.194e+05   1.63e+04     13.470      0.000    1.87e+05    2.51e+05
x56        -2.507e+04   3278.524     -7.646      0.000   -3.15e+04   -1.86e+04
x57        -2.022e+04   2952.765     -6.848      0.000    -2.6e+04   -1.44e+04
x58         1.186e+05   3012.578     39.357      0.000    1.13e+05    1.24e+05
x59        -8.154e+04   2749.809    -29.655      0.000   -8.69e+04   -7.62e+04
x60         4.665e+04   7206.673      6.474      0.000    3.25e+04    6.08e+04
x61        -8504.1030   2965.498     -2.868      0.004   -1.43e+04   -2691.819
x62         -3.53e+04   2754.383    -12.817      0.000   -4.07e+04   -2.99e+04
x63         2.678e+04   3361.266      7.968      0.000    2.02e+04    3.34e+04
x64        -6.289e+04   2835.584    -22.178      0.000   -6.84e+04   -5.73e+04
x65         2.401e+05   1892.488    126.875      0.000    2.36e+05    2.44e+05
x66        -4.354e+04   2763.730    -15.753      0.000    -4.9e+04   -3.81e+04
x67        -4.895e+04   2770.769    -17.668      0.000   -5.44e+04   -4.35e+04
x68         1.951e+05   7135.459     27.345      0.000    1.81e+05    2.09e+05
x69         7.634e+04   6923.457     11.027      0.000    6.28e+04    8.99e+04
x70        -9.052e+04   2796.946    -32.363      0.000    -9.6e+04    -8.5e+04
x71        -1.052e+05   2797.008    -37.603      0.000   -1.11e+05   -9.97e+04
x72         2.863e+05   3967.819     72.147      0.000    2.78e+05    2.94e+05
x73         2.066e+05   4427.544     46.670      0.000    1.98e+05    2.15e+05
x74         2.161e+05   5381.197     40.166      0.000    2.06e+05    2.27e+05
x75        -1.955e+04    441.566    -44.271      0.000   -2.04e+04   -1.87e+04
x76        -2.619e+04    447.657    -58.496      0.000   -2.71e+04   -2.53e+04
x77        -1.667e+04    474.107    -35.171      0.000   -1.76e+04   -1.57e+04
x78        -8264.6193    475.757    -17.372      0.000   -9197.088   -7332.150
x79        -1.572e+04    472.994    -33.245      0.000   -1.67e+04   -1.48e+04
x80         -1.84e+04    485.611    -37.888      0.000   -1.94e+04   -1.74e+04
x81          156.1716    490.223      0.319      0.750    -804.650    1116.993
x82         5.559e+04    489.758    113.502      0.000    5.46e+04    5.65e+04
x83         7.751e+04    477.114    162.463      0.000    7.66e+04    7.84e+04
x84         1.244e+05    464.438    267.813      0.000    1.23e+05    1.25e+05
x85         1.725e+05    523.055    329.746      0.000    1.71e+05    1.74e+05
x86         2.115e+05    577.566    366.124      0.000     2.1e+05    2.13e+05
x87         2.271e+05    582.799    389.620      0.000    2.26e+05    2.28e+05
x88          1.98e+05    584.088    339.026      0.000    1.97e+05    1.99e+05
x89         1.804e+05    569.228    316.863      0.000    1.79e+05    1.81e+05
x90         1.811e+05    555.872    325.711      0.000     1.8e+05    1.82e+05
x91         1.802e+05    548.241    328.772      0.000    1.79e+05    1.81e+05
x92         1.754e+05    543.150    322.873      0.000    1.74e+05    1.76e+05
x93         1.731e+05    536.939    322.404      0.000    1.72e+05    1.74e+05
x94         1.846e+05    529.492    348.671      0.000    1.84e+05    1.86e+05
x95         2.345e+05    503.533    465.768      0.000    2.34e+05    2.36e+05
x96         2.593e+05   1260.446    205.760      0.000    2.57e+05    2.62e+05
==============================================================================
Omnibus:                    89814.184   Durbin-Watson:                   1.999
Prob(Omnibus):                  0.000   Jarque-Bera (JB):           335839.528
Skew:                           0.944   Prob(JB):                         0.00
Kurtosis:                       6.723   Cond. No.                     2.25e+15
==============================================================================

Notes:
[1] R² is computed without centering (uncentered) since the model does not contain a constant.
[2] Standard Errors assume that the covariance matrix of the errors is correctly specified.
[3] The smallest eigenvalue is 8.31e-26. This might indicate that there are
strong multicollinearity problems or that the design matrix is singular.
